21.8700
23.0400
23.0600
23.0300
23.8900
24.1900
23.0200
22.6600
22.6700
23.9000
23.8400
23.8300
21.3600
21.6500
19.5300
17.0700
16.6150
17.1800
18.4500
17.8900
17.1000
17.8000
18.4200
17.9500
18.7750
17.9600
18.9000
18.3000
19.0800
20.4600
20.3600
18.9900
19.3500
20.7100
22.5500
22.3100
22.0300
22.2200
22.7800
23.1800
23.6300
23.0700
22.7700
20.5900
20.2300
18.3900
17.2100
18.4700
20.1500
20.8100
23.2000
22.5800
24.9200
25.7600
26.7900
26.3100
27.9500
29.4200
35.5500
36.2550
37.7400
37.8700
36.5750
34.6700
35.4050
35.6250
37.2400
36.4400
37.2750
38.0000
37.2200
38.4800
37.0400
36.3400
34.4400
37.5400
38.0300
37.1700
38.5900
37.9400
35.8000
36.5900
37.7000
36.5200
39.6450
38.3400
37.6600
37.1900
34.9600
35.4200
36.3500
38.9100
40.1000
42.2300
41.1200
42.4000
41.9600
43.4000
43.6000
44.5600
45.9000
44.7100
43.5200
45.7400
44.6700
44.2000
45.8500
46.2000
46.6200
47.0800
46.4300
46.3600
47.0500
47.0600
46.4900
46.7850
46.7700
46.1350
47.9300
48.7950
50.0000
49.0400
48.9800
49.5450
49.0400
48.2300
49.1250
48.8000
50.0500
50.7750
50.7050
49.2900
50.7100
51.2600
52.6100
52.2800
50.7900
51.6100
51.3200
51.4300
49.8400
51.0700
53.0500
53.1200
53.1000
53.2100
53.2800
52.8300
52.2000
52.2000
51.6500
51.0800
52.5300
51.5900
52.7400
52.0400
52.9800
53.9300
53.3900
53.2700
54.2100
53.9000
54.8500
54.8500
53.8700
53.6400
53.6900
51.0100
53.7800
53.6800
53.6400
53.3500
52.4700
52.2700
52.1400
51.9700
51.4900
50.9700
51.0000
49.5400
48.4400
47.2600
46.6600
46.7200
47.1300
46.6300
45.9500
45.3900
45.2300
46.2300
46.9800
45.2800
45.5100
44.7900
45.2800
46.1000
46.3100
46.3800
45.2300
45.4000
46.9600
46.7400
47.3700
47.4000
46.2000
47.3400
47.9100
47.1000
48.2500
49.8500
49.1500
49.2300
48.7800
49.4700
49.3900
47.9900
47.2200
46.7500
47.1800
48.0400
47.4200
46.8200
48.1300
48.8900
48.8400
47.1800
46.5800
46.8300
46.7100
46.9700
49.1400
48.1400
49.0300
46.7600
46.4300
46.6800
45.4300
45.5600
45.0500
46.2000
47.0100
47.4000
46.8000
46.1700
45.6600
46.8700
45.5300
44.3700
44.4200
44.7500
43.4700
47.2500
45.4100
44.8500
44.4350
45.2100
43.7600
43.8600
43.5500
42.9900
42.0000
42.0700
41.0400
40.3400
41.0300
40.6000
42.6100
43.9400
43.7900
45.0000
44.6300
45.9200
47.9600
47.9200
45.6800
44.8800
45.6200
45.8800
45.3200
44.7400
46.5300
46.3500
45.8900
46.4600
45.8500
46.6500
46.6700
48.0400
47.1200
48.0700
47.6500
47.4000
47.0400
46.9300
46.4100
49.2700
48.4300
48.1800
47.8800
48.8200
48.3400
50.0200
50.5200
49.8800
51.7400
51.8600
51.7300
51.3600
50.5700
51.1200
52.9000
52.7200
54.2300
54.7900
53.3100
53.6200
52.9500
54.7900
55.2400
55.0000
53.6300
55.0900
53.5600
52.7880
58.2600
59.7400
61.5600
58.3400
59.9400
61.8200
60.9900
59.7000
60.0600
60.0700
57.5500
59.4100
59.7000
60.5100
57.8400
58.2500
56.0000
56.0600
55.4400
54.5600
53.5900
54.8900
56.5200
57.2100
55.8400
55.8800
55.5480
54.4700
54.0400
54.4300
53.5000
53.1700
52.3500
52.9600
53.4900
53.3900
51.7000
50.1200
49.8800
49.6000
49.9200
49.1100
48.9900
48.2100
48.0300
47.0800
46.6800
46.5300
46.7400
46.3000
45.2100
45.5500
45.5000
44.6500
43.5700
45.0000
44.5000
45.3000
45.1800
44.9100
45.0200
46.1600
46.1100
46.2400
46.1200
47.5100
47.9100
47.8800
47.1200
45.6100
45.5200
45.3100
44.7700
45.4700
45.1700
47.4400
47.0100
47.2700
46.0000
45.1700
44.9800
45.1000
46.3900
46.7500
45.7600
46.2900
45.2200
44.7800
43.5900
43.1400
42.3700
42.5200
42.8300
42.4100
43.0100
42.3900
43.4900
44.1300
46.6300
47.7600
47.2200
45.4600
46.3900
45.2300
45.4100
46.3700
46.7200
45.8900
45.7600
47.2000
47.2800
46.8600
48.5200
48.8400
49.3200
47.8900
48.9600
47.9600
49.1800
49.2100
49.4000
48.3600
46.9400
47.2600
46.4100
46.8600
46.6400
46.7600
46.1600
43.3500
42.6000
41.7400
41.2600
42.9100
42.7000
42.4600
42.8200
42.9800
42.8400
42.5500
41.7500
42.6900
42.8500
44.4000
43.9300
47.9300
47.7900
48.6800
47.5700
47.6100
46.5600
45.7300
46.7900
48.0200
47.7600
47.5800
47.2800
47.2500
46.5600
47.3100
47.2500
47.2900
46.9500
47.7500
49.9800
50.0000
49.2400
48.8000
49.1800
49.7400
49.7000
49.0800
49.2100
48.0300
48.5000
48.6800
48.7500
48.1400
49.9600
50.6200
49.4200
49.1100
50.7300
50.1100
50.7000
50.9000
50.7300
50.4800
51.6900
51.7800
52.3500
52.2500
52.5900
53.5000
53.0200
53.3000
54.0000
52.9400
53.0000
50.2100
50.2100
50.7900
49.7800
49.4700
48.4900
48.2100
46.9500
46.6400
46.2700
46.2800
46.4300
46.6700
46.6700
46.5106
46.5400
45.3200
44.1000
44.6000
44.5600
44.4800
44.7300
45.1100
44.5800
44.7100
43.5900
42.6300
41.9400
43.3600
43.2900
43.2400
44.4300
45.0900
45.3500
44.5000
44.8200
44.9400
44.7600
45.2100
46.0600
46.2500
47.8300
47.1100
46.9700
47.8000
46.1000
46.2800
46.4300
46.1600
46.2100
46.7100
46.1200
47.9000
49.6100
48.3200
46.8100
47.6811
46.0400
45.6700
45.9500
44.2900
45.1000
46.4800
47.3700
48.3700
49.4600
47.7700
45.5100
45.5900
46.4700
44.7700
45.1400
44.2800
45.1400
45.8200
45.0600
46.9900
46.8100
47.8900
47.6200
46.0300
47.2100
47.9600
48.4800
47.6000
47.1200
47.8400
49.2900
49.7400
46.9800
46.5100
46.7900
46.0000
46.2400
44.8400
43.2000
42.8200
42.9400
42.2900
42.8000
43.0100
42.2900
42.3300
41.8800
42.9100
43.1900
44.0800
44.9300
45.2900
44.2500
44.4000
43.9600
44.6800
44.2500
43.6100
42.2300
40.6800
40.1100
39.5600
41.6600
41.7200
42.9300
42.5300
41.2100
39.9400
40.7600
41.8100
42.3900
42.9900
42.8500
42.0000
39.4500
38.4100
36.6700
37.4900
36.9400
37.6200
38.3500
39.4100
39.3200
36.4900
36.6200
33.3200
33.4300
33.4800
33.4100
34.7800
33.9200
36.0100
37.2600
37.1000
38.8900
38.6900
38.6900
39.1000
37.9200
38.8800
39.4000
39.5900
37.2300
36.1800
36.5100
38.6900
39.3600
42.1200
40.2700
40.1900
41.0300
41.2100
41.7700
40.3600
40.2600
41.2700
41.0400
41.0100
41.1900
41.6100
42.0100
44.2600
44.9800
45.2500
46.7300
48.8700
50.1900
50.2700
50.2100
49.0300
47.6100
45.7600
45.6500
46.2400
46.6700
47.1300
47.5800
46.5100
47.5400
48.3300
46.3400
47.0300
49.4400
49.2900
48.5900
49.9500
49.3800
48.7600
49.9900
50.8400
51.9100
52.4200
51.5300
49.7600
51.3300
52.4600
53.5100
53.5400
51.3800
51.0900
52.3100
50.6400
50.5500
50.2200
50.5600
48.6900
49.4500
51.4700
53.0200
51.0400
52.2000
52.3800
52.7800
52.0100
51.6400
52.8500
52.1200
51.3900
50.3500
50.4400
49.7100
49.1800
50.2000
51.0300
51.7800
51.2900
49.8900
48.1350
48.6600
47.9900
48.0600
49.4300
49.3200
49.7500
48.3200
48.4800
46.7600
45.9300
46.0300
44.0400
44.1500
45.2200
46.0200
46.5100
45.7500
45.8800
46.2100
45.7400
45.0400
43.5000
43.8100
43.2800
44.4500
43.9800
44.2900
44.4800
44.5800
41.8900
43.0400
41.5600
41.2500
43.7100
44.6600
50.5500
48.6500
51.2800
53.9300
52.8000
52.8200
53.3500
54.3400
50.0000
49.1100
45.2900
45.5600
47.5900
46.7100
47.7100
47.9400
49.7200
50.4300
49.1400
48.0400
47.7700
46.4900
49.2000
47.6200
45.5400
45.6300
44.3200
42.5300
44.3400
46.8800
45.6800
41.9900
41.2200
43.2400
41.2600
40.2000
41.2400
41.9300
40.5100
41.1800
38.6900
38.4900
38.0500
38.2300
35.5600
36.8900
36.6100
34.4100
32.2400
34.2250
36.2400
36.5800
40.4300
39.3500
39.3100
41.3300
43.0100
44.3800
46.3200
46.2500
46.3600
43.8100
42.5400
42.4600
42.4300
44.0300
45.3900
42.4100
42.2300
44.2700
45.9500
47.1100
47.2800
43.3700
41.8900
43.7100
42.4600
39.8000
41.3500
42.8650
47.1400
47.2100
49.3400
47.3400
47.4100
43.5600
43.4400
41.5300
45.0100
47.5500
52.0100
51.9500
52.8750
51.7700
52.1900
53.4500
55.8500
56.8200
56.7700
55.7200
55.5800
56.2400
55.1400
55.9300
52.2000
52.7300
51.9400
51.9300
53.9400
54.6200
53.8600
53.8900
52.3800
51.5400
51.7200
50.0800
46.5300
46.1400
46.4500
46.4300
46.5600
43.6200
42.9800
43.3600
42.1800
43.9800
43.2400
45.8200
47.0000
45.3200
45.5200
45.9700
47.3000
47.0800
46.4400
49.1500
48.1300
48.1600
47.7000
46.1100
44.4100
46.1400
45.9600
46.3700
44.2100
44.2400
45.7900
46.1200
46.6800
48.8700
49.4800
41.1000
39.2700
39.5700
41.8600
44.8100
45.9300
44.6400
44.6900
45.9100
45.3200
45.6600
44.6000
43.5400
42.6300
43.3400
42.0500
43.2200
43.2600
45.5400
46.3500
47.0200
46.9700
47.9100
48.4500
47.8200
47.5950
48.2000
46.9000
45.7100
45.9800
44.6700
44.9000
45.3200
45.6400
44.8000
44.5500
42.3900
41.1200
41.6600
41.1100
40.8400
42.0000
42.2150
43.4500
42.6700
43.6600
42.6100
42.6100
45.3600
45.4600
42.6800
42.9300
41.7500
41.8200
41.9500
42.0000
40.4100
40.7300
40.1200
39.3300
38.2700
39.4100
39.1800
39.4800
39.2900
39.7800
39.5200
39.9500
37.6600
36.7700
36.8100
34.0800
34.9700
34.7800
35.0700
36.5200
37.1200
37.0200
36.9400
38.2800
37.7200
37.5200
36.8900
37.0300
37.6700
38.1400
38.4700
37.6400
37.6900
37.2000
36.8700
36.8800
36.7000
36.7400
36.9100
35.8225
36.5500
37.0800
36.9200
36.4000
36.4400
36.3200
34.9900
35.6800
34.8900
37.6500
37.7000
37.8500
36.9600
35.8200
36.6000
36.9300
36.2400
35.0400
35.6300
32.9600
31.8400
30.5000
30.6200
31.4100
30.6500
32.6300
31.9950
30.5000
31.0600
29.2000
25.4100
24.1200
24.0600
23.9700
23.9100
23.3400
23.5300
23.8500
23.8500
23.7600
23.7200
24.0000
23.3900
24.5000
24.4800
24.2700
24.7400
24.4800
24.3400
24.4000
23.9300
24.2000
24.4000
23.6500
24.0000
23.4900
23.8800
22.9100
23.0800
23.2000
22.5000
21.4000
20.9500
21.3500
20.7000
20.9000
21.2000
20.5600
20.6600
20.7000
20.5300
20.5300
20.0400
21.0200
20.7100
20.5400
19.7000
20.0100
20.2800
19.6400
19.3800
19.5800
19.6600
19.4800
19.4000
19.7200
19.9500
19.5900
20.0000
20.3100
20.3100
21.0400
23.0800
23.1400
23.5500
24.0200
23.4000
23.3700
22.0700
21.4000
21.7900
22.4000
22.8900
22.6400
22.2300
21.1100
21.9900
21.4000
21.5100
22.3900
22.2300
22.3900
22.1500
21.9300
21.5800
20.8700
19.7400
19.5400
19.6700
19.8100
20.1500
21.5300
22.2000
21.8900
22.7500
23.4400
24.4900
24.4100
24.2200
25.7500
26.2100
25.8700
25.2300
24.8700
23.1600
23.2800
22.9900
22.8000
23.6800
22.2000
20.4700
21.9300
22.3200
20.8500
20.3700
19.7400
20.5400
19.8400
21.4600
21.9200
22.2800
23.7500
24.4400
24.6900
23.2100
22.6300
21.0000
22.4200
24.0300
25.2900
26.0200
24.9000
24.9500
24.3000
23.4700
24.1800
24.6400
23.0300
23.2500
23.4000
22.6800
23.0600
23.7400
23.5200
23.2600
24.1200
25.0000
25.0000
25.2800
25.8000
25.0700
24.1700
23.5500
23.6100
22.9900
22.8900
23.1700
24.2500
23.5000
22.7000
23.1300
23.8600
24.2900
24.0200
23.7200
24.7000
24.9700
24.7200
24.7500
24.2900
24.2300
23.3300
23.2000
23.3200
21.5400
18.7300
18.5900
18.1600
19.1800
20.0900
20.4700
20.1100
19.4900
19.9200
19.3700
19.4000
19.0800
19.3900
19.0000
20.2600
20.5400
21.7200
22.2200
21.1000
20.5600
21.4600
21.2300
21.6000
22.0000
20.8700
21.5300
22.4500
22.6100
21.6600
21.7800
21.6200
20.7100
20.3700
20.5000
20.4700
20.7100
20.7000
20.6900
19.9200
20.1400
20.0400
20.1600
19.6200
19.6200
19.0500
18.9200
18.7800
18.5600
18.5900
18.4700
18.8100
18.2800
18.3800
18.2800
18.2200
18.1500
17.6000
16.9600
17.0000
17.0400
15.7500
15.9100
16.3300
15.9200
15.8800
15.0300
15.1800
15.8500
16.1500
15.1000
14.3600
13.2000
14.0400
14.6900
14.9400
14.1500
14.0700
13.3500
13.0500
12.6500
13.5300
14.1800
13.5600
14.6200
14.5000
15.1500
15.5200
15.4300
16.0800
16.1200
16.3900
16.6300
16.8200
16.2500
16.3800
16.6700
16.7000
16.1600
15.6200
14.7200
14.1900
13.7300
14.6900
14.7100
14.6000
14.2900
14.3100
15.1200
15.3900
14.2700
14.9600
14.9800
15.4300
14.5400
14.0000
14.6500
13.4200
12.8600
12.7600
12.0300
11.6600
11.3800
11.4300
11.8100
12.4600
12.7200
12.8800
13.2200
13.2800
12.6400
11.8400
11.7900
11.6400
11.3100
11.8200
12.3200
12.2700
11.8000
11.7300
11.2300
10.5600
10.8200
10.9800
10.8700
10.3100
9.7700
9.6800
9.8800
10.0000
9.8000
9.7000
9.1700
9.4200
9.5200
9.3900
9.5000
8.8700
8.2000
7.8000
7.4000
7.5900
7.2300
7.5300
7.9600
8.3300
8.9700
8.7600
8.8100
8.8500
8.4700
8.0200
7.5200
8.0300
8.6000
8.8400
8.8800
9.2800
9.3400
9.8400
9.7400
9.7800
9.8500
9.4900
9.2400
8.9300
8.6300
9.0800
8.7700
8.7300
8.4900
8.3000
8.6200
8.2900
8.6500
8.9800
8.7500
8.7600
8.0100
8.0600
7.8700
8.8800
8.6100
9.2400
7.5100
6.8300
7.0000
7.2700
7.0500
7.0500
7.1900
7.0700
7.1000
7.3300
7.2800
7.7100
7.5900
7.2000
7.9100
7.2600
7.1100
7.1300
6.8700
6.7600
6.3000
6.0000
6.2000
6.1700
6.0700
5.0400
4.9500
4.9700
4.6700
4.8600
4.5200
4.2800
4.3000
4.0600
4.3100
4.3000
4.3100
4.5100
4.4900
4.3400
3.9100
3.8200
3.5500
4.0600
4.1000
4.5700
4.4600
4.5400
5.0900
5.3900
5.4700
5.5000
5.1000
5.4300
5.5800
5.3900
5.8100
6.7900
6.8800
6.8500
6.9800
7.1200
6.4600
6.4200
6.4000
6.2400
6.1400
6.0700
6.0000
6.4600
6.3200
6.3100
6.1400
6.0500
6.6000
5.8500
6.5900
6.5400
6.5500
7.1000
7.1500
7.6800
8.1300
7.9400
8.1900
7.7400
7.4500
7.0800
6.7500
6.2500
6.3400
6.0500
6.1800
6.2000
6.2800
6.3400
6.6900
7.0000
6.4500
6.5400
6.5600
6.9000
6.7200
6.9600
6.3400
6.4500
6.7900
6.8200
6.6900
7.5300
7.5000
7.5000
7.6000
7.0800
6.6800
7.7000
9.1100
8.8800
9.1000
9.4500
8.1800
9.3600
9.9700
10.0000
9.9700
10.4600
11.0400
10.5500
10.5500
10.9800
10.9100
10.7700
10.0600
11.2400
11.9200
11.7300
12.7000
12.7500
11.4400
11.3600
10.8300
12.4500
13.2600
11.8200
11.9900
13.5300
13.6000
15.0100
15.6800
16.1300
17.6300
18.3600
17.2100
19.2400
19.6200
19.2800
19.3000
19.0100
19.8700
18.2400
18.7500
19.3600
18.9100
20.4300
20.0800
20.4000
19.7700
21.3700
21.8500
22.1600
22.1200
22.1700
23.2500
23.5100
23.4000
23.1400
22.9000
23.1800
23.5200
23.3400
22.8600
22.5300
22.9600
23.2200
23.3300
22.8800
22.9300
22.9000
22.4900
22.8600
22.4900
21.9700
23.6300
23.6200
24.4800
23.3400
23.9500
24.0200
23.0000
23.1400
24.3400
24.5900
23.5300
23.0500
26.0800
26.3200
27.0200
26.4400
25.9300
24.7600
24.9700
25.1400
25.8500
28.1800
28.7800
28.5000
27.8700
27.0600
27.2300
28.0200
28.6000
28.3500
28.3300
28.9700
29.5500
28.8200
28.4000
28.7600
28.6900
28.4400
28.4400
28.3100
28.8000
27.7200
28.7700
28.3000
26.9300
26.8200
27.3700
26.3900
26.2200
26.8300
26.5100
26.8400
27.2200
26.3200
24.9900
24.4500
23.8700
23.5000
23.7000
22.8700
22.5000
22.7000
21.9200
22.2100
21.6800
21.7900
21.5400
21.8600
21.7900
21.7600
21.8200
22.1700
22.7000
22.3600
21.7000
22.2300
21.5000
21.3000
21.2500
21.7200
21.5100
21.5800
20.8700
20.2900
20.0700
19.7600
19.7500
19.6700
19.8800
19.7300
19.3100
18.8300
18.8200
18.5200
18.4500
19.1000
18.8200
19.7200
20.0700
19.7400
19.9400
18.9800
18.9100
19.1000
19.5300
19.7000
19.6900
20.4600
21.1300
20.0800
20.9400
20.4100
20.2100
19.6300
20.1100
19.6100
19.0700
19.1200
19.4900
19.1500
18.8000
18.5500
17.9100
17.8100
17.8800
18.0400
18.2300
17.5300
17.5100
17.9400
17.7700
17.5200
17.1700
17.0500
16.9800
17.9200
17.5900
18.3700
18.8000
19.1100
19.1900
19.2900
19.2600
19.0500
19.6700
19.5500
19.8700
19.9800
19.8300
20.0100
20.2600
20.8400
20.2800
19.9900
18.6500
17.8500
17.8100
17.9000
18.3400
18.6300
18.9300
18.8700
18.9900
18.8200
19.0000
18.6200
18.2000
18.2100
18.3000
17.9400
18.1400
17.8800
18.2600
18.7700
18.3100
18.8300
18.3700
18.8100
18.7500
18.8900
18.4500
17.6900
18.2500
18.0000
18.1800
18.6000
17.8500
18.2400
18.0700
19.0000
18.2800
18.6000
18.8200
18.0500
17.8800
18.2800
17.6900
17.7600
18.2400
18.5700
18.4700
18.6400
18.8300
18.3200
18.4400
18.1200
18.4500
18.9600
18.6500
18.6300
19.0700
19.1900
18.3400
18.7600
18.7600
18.3900
18.8200
18.9700
19.0900
18.8600
19.0400
18.2600
18.5600
18.5200
18.3200
17.6500
17.0800
17.0900
17.3700
17.3400
17.2700
16.7800
16.5400
16.5700
16.4800
16.9800
16.9000
16.7700
16.9700
16.9500
16.8400
17.3500
17.1200
17.1400
17.0000
18.6100
16.6700
15.6700
16.6700
17.0600
16.9900
17.3800
17.9700
18.0100
18.0100
18.5700
18.3700
18.7500
19.2700
19.3600
20.1300
20.5200
20.4100
20.4100
20.8400
20.7600
20.8700
20.9599
20.1300
19.5800
19.2490
21.9100
21.9700
21.9500
21.8000
21.5400
21.6600
21.6400
21.0200
20.9900
21.6600
22.2000
24.2300
24.5800
24.8700
24.8600
24.8000
24.5000
23.9600
23.4300
23.5300
23.3100
24.2400
24.9700
24.7500
24.7000
24.3900
24.7700
24.5600
24.2400
24.6100
24.7300
25.0000
24.8200
24.0800
24.0000
23.7900
23.8900
24.3300
24.1300
23.6700
23.1800
23.3800
22.2900
22.2000
21.9900
21.9500
21.5500
21.5100
21.9900
22.0000
21.9500
21.9000
22.1700
22.1300
22.2700
22.8700
23.1700
23.4900
22.8700
22.4100
22.0900
22.1700
21.0600
20.7400
20.8600
20.9100
20.7400
20.5400
20.9600
21.0700
20.9400
20.7500
20.3900
20.0200
20.4500
19.7300
19.1500
18.2200
18.1200
17.9100
17.6600
18.5000
18.1000
17.9100
17.9000
18.4800
17.7500
18.0400
18.4700
18.3700
18.2600
18.9600
18.9000
19.0400
18.7300
18.5800
18.6100
18.6400
18.6100
18.7400
18.8200
18.7400
18.8900
19.1200
19.0200
18.9500
19.0500
18.8200
18.8100
18.8900
18.5000
18.3900
18.5600
18.8100
18.7600
18.5000
18.5000
18.2800
18.4100
18.0800
18.4000
18.2100
18.2400
18.3100
18.4000
18.1400
18.3500
18.4400
18.6700
18.3000
18.2000
18.0600
18.0700
18.1400
18.3700
18.3000
18.4200
18.9600
18.8700
18.9500
18.9000
19.0100
18.9100
18.9500
18.9300
18.9900
19.0400
18.6400
18.7900
19.3800
19.0700
19.0000
18.9900
19.1500
19.0400
19.1000
19.0100
19.1800
19.8900
18.7100
18.8000
18.7500
18.6800
18.6500
18.5400
18.7100
18.7000
18.5500
17.9900
18.0800
18.1000
17.9300
17.8500
17.8400
17.5400
17.6200
17.7800
18.0000
17.8900
17.8900
17.9500
17.5000
17.4700
17.1000
17.4600
17.4000
17.5000
17.5000
17.4000
16.7100
16.9200
17.1700
17.4500
17.4000
17.0000
17.0000
17.2200
17.0400
17.1800
17.1600
17.0800
16.8900
16.7700
17.7000
17.5500
17.7000
17.8700
18.2300
18.5000
19.0500
18.6700
18.5100
18.1500
17.9500
17.8000
17.7700
17.5800
17.4300
17.4700
17.4600
17.7600
17.7400
18.0800
17.6500
17.0700
17.1100
17.1400
16.9400
17.0100
17.4300
17.2000
17.4100
17.4900
17.2200
18.0100
17.6200
17.1200
17.4300
17.0000
16.8200
16.3500
16.4100
17.0000
16.8500
16.4400
16.3800
16.5800
16.7500
16.6000
16.4500
15.8200
16.3500
16.0000
16.3700
16.6200
16.5000
16.2300
15.8100
16.5000
16.1600
16.2000
16.5000
16.4100
16.4800
17.0000
16.9600
16.4700
16.0300
17.1200
17.4100
17.4100
17.1500
17.3300
18.0000
17.8900
17.7400
17.5800
16.9100
17.6300
17.8200
16.6800
16.8400
17.4700
17.4600
17.8100
17.8800
18.4300
17.7300
18.2200
19.1000
19.7700
20.0100
20.5600
21.4400
21.4800
20.9500
20.4100
19.5500
20.1300
19.7600
20.0500
19.9900
20.1200
20.6600
20.8600
21.4600
20.4700
18.8200
18.5100
18.4000
18.5300
18.5500
18.6000
18.6000
18.5200
18.5100
18.6600
17.9600
18.6100
18.1700
18.2000
18.2000
17.9900
18.0000
17.9300
17.9000
17.9000
17.6700
18.0000
17.9500
18.0000
18.0000
17.9900
17.9200
17.9100
17.7000
17.9300
18.0000
17.9100
18.0800
18.0000
18.0000
18.0000
18.3000
18.4500
18.7500
18.0000
18.0000
18.0000
18.2000
18.5000
21.8700
23.0400
23.0600
23.0300
23.8900
24.1900
23.0200
22.6600
22.6700
23.9000
23.8400
23.8300
21.3600
21.6500
19.5300
17.0700
16.6150
17.1800
18.4500
17.8900
17.1000
17.8000
18.4200
17.9500
18.7750
17.9600
18.9000
18.3000
19.0800
20.4600
20.3600
18.9900
19.3500
20.7100
22.5500
22.3100
22.0300
22.2200
22.7800
23.1800
23.6300
23.0700
22.7700
20.5900
20.2300
18.3900
17.2100
18.4700
20.1500
20.8100
23.2000
22.5800
24.9200
25.7600
26.7900
26.3100
27.9500
29.4200
35.5500
36.2550
37.7400
37.8700
36.5750
34.6700
35.4050
35.6250
37.2400
36.4400
37.2750
38.0000
37.2200
38.4800
37.0400
36.3400
34.4400
45.9000
44.7100
43.5200
45.7400
44.6700
44.2000
45.8500
46.2000
46.6200
47.0800
46.4300
46.3600
47.0500
47.0600
46.4900
46.7850
46.7700
46.1350
47.9300
37.5400
38.0300
37.1700
38.5900
37.9400
35.8000
36.5900
37.7000
36.5200
39.6450
38.3400
37.6600
37.1900
34.9600
35.4200
36.3500
38.9100